4094
118264
111880
1598
30384
23220
66591
22325
145273
66016
4674
1919
144646
7875
6338
12615
14790
3392
27980
3007
154357
2751
2620
156656
13498
105999
4029
6078
6334
12603
4799
8762
154358
29875
5439
30259
2111
4412
6461
26061
12612
113419
10567
11456
7366
11584
7750
8898
7365
144640
120444
155277
30536
8515
14912
31560
9155
9667
7620
11842
2884
29131
4423
13125
12868
8902
162701
1602
8001
12485
29389
3138
1988
3394
60894
3650
6081
164756
110065
8007
4926
4798
156676
61739
145268
8113
4145
8247
28733
10678
25279
1075
160893
9783
145269
8240
164708
5046
9904
7991
61483
7985
5680
124046
8245
115336
3121
3505
28349
24379
145270
6066
24893
11191
66065
11060
25405
11188
3504
14007
4016
6326
5047
264509
29755
29751
5179
142460
1209
28340
7866
7994
143356
17074
154353
3643
1722
7993
150258
62501
142462
6335
64166
8253
8123
125194
28216
31673
21436
1078
9778
7733
6196
148223
1976
64552
122380
10035
165993
100873
62374
3897
28742
1224
12726
112876
120301
2393
156820
5338
65095
28629
2136
4699
12895
146206
11228
5723
12124
7257
15709
7769
145308
9555
9299
115567
16477
8272
16476
160282
3413
30298
8151
14418
6742
61513
11600
11856
134932
14163
16478
8530
110179
6104
8543
120297
30165
29392
3039
156818
65089
12123
8539
158354
115687
15448
156819
13657
9691
5597
66624
25964
9828
3937
4060
8030
14043
5342
65092
30293
4058
6239
2269
117861
156816
7647
65090
114789
61763
29011
12635
16981
11096
3036
9815
3026
2504
15305
264397
4430
156416
25536
11465
1356
14282
13003
156417
5071
157057
3532
14027
28608
10443
14793
6733
6223
65108
7368
4040
25157
6730
133768
3144
11340
1225
7882
164506
4809
7241
7881
155393
10190
14412
65643
12749
156418
1230
142230
1742
23002
14934
6994
3024
11220
1745
147222
10327
2259
6865
2771
66290
5072
2002
137232
17115
11094
24925
147223
20185
147208
20423
4685
25283
4941
7116
1487
5709
10187
145046
10581
12886
25180
4818
6867
13526
11861
29246
63919
8549
4241
12171
2574
9611
14359
6547
12950
12053
4115
8213
146774
30495
149337
63501
12564
10519
10903
28191
149318
1678
7437
2444
11657
5518
13962
12555
2316
4367
155969
5135
6669
13579
65298
10121
14219
3980
4108
155970
8215
25119
4622
156383
3735
10002
3863
65417
24731
12689
162264
2710
4885
5525
260583
5018
13342
9372
5786
5914
16401
11923
144848
107682
5526
15252
163036
24216
137943
7063
1300
13714
30490
65718
4503
1045
5783
120877
65590
155738
61576
11017
28930
2968
145347
145348
8199
10502
8455
4737
29453
144066
15363
11649
8577
2436
127675
11264
7302
126136
116029
5639
137024
1794
28303
30990
2817
25356
7171
29710
11781
9860
2176
4611
64925
64030
5379
10247
8326
2435
144580
13700
28296
165845
5385
65702
2184
8717
27780
1161
3336
5387
9613
112191
12428
14477
10639
5256
23809
3851
63892
10894
11406
7435
29830
15247
65831
8450
10499
123834
13440
3591
5764
165846
6788
8972
66599
27786
27914
10115
8068
61338
63639
6682
1177
9899
2859
15136
120093
11554
1447
24868
119314
29734
112030
1448
1704
7851
25509
23714
26021
1449
7978
63669
23084
4517
10530
6821
5671
7974
8102
14369
6565
25130
146017
105365
14624
15521
5284
11555
7589
9890
2086
20653
12972
62516
7590
3243
162401
6829
164606
7085
2991
29984
124434
28195
60979
147305
2862
13353
3246
3502
62897
28194
28322
10795
10411
7982
10793
9774
1706
9902
7977
146156
29733
25895
7343
1837
142953
12459
2220
10920
25633
11304
157153
5543
11296
7450
24620
25361
11032
60800
11672
65026
12312
162129
3231
29968
25874
142811
112168
9882
7965
8475
24468
8092
4383
5918
30354
7449
1689
61188
28564
8606
121633
64389
7065
163669
140760
125094
8479
13341
3226
11550
110382
4510
10277
6307
29099
10405
7585
11687
3619
13988
165746
146020
156655
3362
65084
30637
28590
6823
15267
9248
10016
14370
147565
156654
4640
8358
8099
6435
117145
2593
127774
3105
11301
1440
63422
7970
6178
8357
10916
15142
11300
62655
23978
61567
13510
28518
24678
10601
2285
146212
12142
7912
148276
4990
31460
12909
9063
14828
31596
13562
9850
8431
2154
110685
3170
5608
148770
7549
7017
10991
7648
4840
10863
10735
29028
9848
8807
25056
31203
12395
3439
7533
29173
25314
64356
8810
4460
61552
6253
1773
10984
8809
122841
128978
20338
2558
5870
4605
5742
1388
1004
12389
10618
10857
4321
8551
8808
29282
63605
10221
120276
137131
3580
5862
126554
11896
9849
3836
63736
10466
3964
5860
28139
163113
61408
11259
6502
4988
147638
2663
63737
24810
8290
6397
135484
65886
6653
5735
4839
21487
145977
3814
7422
3813
6375
12140
1891
4066
28004
144559
31846
7146
61409
2044
10860
2019
63734
4331
30822
9465
8171
65399
4093
4351
116304
148256
4842
17120
1380
2940
64891
5606
165556
12669
61811
6781
5878
6649
2787
7906
10096
10983
9445
8694
12788
24447
2547
13561
6774
21503
17130
62689
30463
160684
7922
149177
11636
11380
8806
5750
144435
145973
14580
145701
60900
2403
16245
8823
7152
62823
24440
14590
114628
28919
14437
6266
4598
9846
1913
135990
8446
160570
4600
6768
10614
7154
121817
25340
5492
1526
4087
11506
4213
14960
14822
8692
13041
6136
3062
110039
5600
161844
60914
3310
5109
9203
14824
65615
119756
6008
124254
5234
3198
23793
5496
29804
13427
4723
13948
63847
6386
11903
12144
141363
3835
10867
7923
25338
150699
17150
145472
20779
29511
10447
156933
9699
65009
61153
24483
165856
165675
5048
15171
61685
61735
166705
166433
3082
25877
12589
17073
24233
8133
16456
4678
148313
160255
165909
174108
126555
3416
8304
163124
9302
160341
6116
5087
64745
113490
149738
15274
148217
148210
144519
123556
28462
7637
17197
5568
163921
2783
15077
146075
174729
9906
6034
10816
13710
60839
7973
17233
164607
145274
29164
12206
174490
144647
8214
11446
3278
7798
156862
63079
126296
4201
158912
25495
175319
64055
8471
8537
148365
63735
6097
175263
149058
31392
28897
28648
114611
6082
64344
148215
148296
4462
20115
15708
139804
147571
163118
145979
7316
175900
7761
29133
164247
8789
163772
23252
2490
10332
11721
30671
9359
144097
25588
23465
62221
118795
4844
28295
21496
64768
10884
65345
5073
120359
23485
6109
29607
130200
2497
157075
25627
176590
176282
176523
116124
146200
176760
148531
165358
15261
165123
26013
25079
176928
141720
28940
163948
27928
145552
176899
260996
25434
19021
147242
20204
176939
177303
10813
177108
157679
136648
177376
9411
164271
179437
165652
1429
114612
24539
177637
3607
15289
9061
162610
176096
146140
161966
24283
10498
148328
24544
1408
160838
11424
4194
8210
157373
10508
155394
121934
20904
138743
20430
178507
1274
160661
10507
6346
151832
8818
152689
24032
2025
25021
177953
3734
10631
13634
19985
114484
165640
11644
25339
160865
24538
265008
13709
7824
12338
2150
12785
121718
66544
179236
8512
65006
2290
1382
64536
5968
174022
177429
179700
30662
14489
179657
112759
163879
9441
7691
163765
260778
179621
1632
63424
13380
2812
64480
148356
7267
146411
6304
28900
10484
149578
2536
180167
29143
133346
179534
1468
63951
29001
3153
176659
2484
162796
164109
162272
6310
145049
180483
30219
149070
162928
149268
23877
11877
11628
120774
154313
63456
3708
31720
111631
12141
153668
162127
60892
12884
162448
25749
8101
9466
117902
28998
13431
30161
3041
22260
266257
14275
157118
13990
174875
140033
122266
114748
29353
30865
65290
28119
166746
181931
114524
140905
66440
164363
163939
65630
183366
139662
148284
27936
3497
62667
260408
1533
14555
176404
148267
174703
121382
162733
31707
8264
166451
165699
12075
30950
180029
20783
10156
121844
160256
166482
62399
64180
65772
65697
5667
148288
162459
8440
175834
10540
177827
16955
5229
8219
4242
2938
2328
30731
9043
61064
164408
12578
10839
164296
148293
120824
21061
14503
180272
9867
7186
3469
17035
160163
175087
66729
122257
7935
177884
180833
160225
148271
64088
147579
123674
176711
28378
23929
160683
20570
19398
8867
23006
117961
13027
160233
127377
122096
174168
117782
148476
148354
1995
160207
13712
3210
157858
184323
63876
160991
10426
10905
147175
128400
164543
31448
178610
157058
165466
9255
177966
144648
22447
260298
156861
122574
149030
3238
265188
150277
12540
109683
183635
23988
1393
65148
60972
165649
3107
127214
63490
148349
62685
154257
177697
160949
9835
264386
148250
163983
60898
22829
25296
145367
7904
147572
148255
114608
264388
12796
16051
64741
150201
124050
28380
63952
24396
62965
163963
25848
161013
28543
145350
63495
61572
146171
148221
162160
148257
177397
64306
2791
148314
27882
145186
6830
147567
184258
163586
126056
13124
183257
165360
11257
30234
3570
14256
31634
177288
65710
157116
175739
28616
65576
163984
1254
176070
148278
118577
184536
7067
175110
30399
177487
66061
28320
24363
11513
14650
166381
15106
2982
60923
160719
141400
13623
184785
117781
27991
179741
139665
117768
30098
14908
116104
182701
174656
15855
120458
1239
8486
4523
104432
17266
179027
7203
160329
1279
65220
1308
140902
166061
185618
61489
148998
154755
165734
129442
13599
176040
175903
12233
3581
7401
66708
28018
163429
65142
184676
185894
5301
158473
62266
24415
13963
14269
64063
14201
62836
30651
112033
184954
65317
8873
30198
60835
111939
10407
187855
26004
156815
12189
185318
26019
186310
184442
186989
142952
184262
28180
138741
13092
149297
186497
125533
259837
176833
11815
180395
122514
63288
145820
65091
14592
66050
178540
10726
2857
24840
3480
125294
140977
162076
22221
142381
3033
2346
8387
61743
186431
11440
5987
28877
13453
175006
24287
25632
180652
28765
184748
183581
2230
61596
9340
178863
160601
24856
148281
64634
185363
9772
185344
11482
18364
175007
7086
180270
266163
177124
175995
65350
4091
186311
62391
180145
165164
179831
184035
24934
1414
10877
7409
112618
148261
186858
182788
261215
133367
177739
17239
14535
120794
8787
9831
63707
181904
27923
30720
1868
165855
4560
187406
31479
64821
134026
7346
187690
185584
194956
187961
186773
175157
22794
6242
28477
16878
65459
25921
2849
17254
162336
13597
28256
178921
189491
148251
5980
189593
148330
2950
2255
149089
62634
64165
186392
24869
1048
190957
185980
11670
1010
179707
8693
10870
7839
10495
7772
9777
8456
143542
6337
4800
17095
14436
148213
180659
145271
177745
12551
113439
142382
187551
187128
119417
161000
184287
24503
5824
161048
3071
191255
1981
165653
163629
14324
30697
24291
160990
165252
16486
5643
178608
162346
192255
148287
180402
147391
66630
170639
6158
11770
24232
2811
2916
185334
133767
184498
1860
2589
177216
4601
12136
154758
1743
179577
143073
170527
185645
164058
175510
197559
184619
2870
20722
62865
128258
170841
20521
178684
9459
20909
181989
170965
24747
184321
6333
63679
1478
62364
179782
141760
9480
189490
178851
185429
180193
63637
63085
128679
142337
179094
157354
170620
25777
153250
24293
62055
66029
176249
177109
61441
2845
117784
64423
65679
174169
29942
24720
31683
14438
15148
7566
165844
63657
14450
12108
8579
111974
122172
184796
164668
63123
176639
12445
9217
10000
2596
13200
63800
4049
116526
30945
15337
176914
177405
186206
156537
150306
5020
28471
185375
170627
26069
181104
11012
107755
145877
147204
118502
13166
165731
6529
4065
171049
174130
11566
16116
16101
297209
9098
187766
66660
10974
11552
14820
138143
148870
4768
31616
65967
177896
164494
166436
1878
28248
142260
178855
61591
64621
16243
23067
130762
7711
16648
22140
63959
162385
12978
29250
13721
164758
132502
187084
5589
4739
15235
20134
25823
65275
7509
164661
112034
170781
15396
148309
189459
152189
161039
29649
162283
199456
7672
1246
128718
127316
8488
65676
137170
3918
177782
165371
263562
151403
11366
140676
9351
2085
18312
21825
1663
179110
185952
66798
187255
155133
18841
175741
160861
11609
17252
5560
175399
1690
24825
162897
17699
60992
163916
187698
183388
2128
28853
7862
184868
160181
161120
194755
66368
187774
65819
14883
124442
16653
165702
123097
60902
18036
5074
15117
17946
148310
63196
178633
176239
11056
66446
30128
23810
185654
6357
29008
111491
64739
110804
66646
29052
174222
166208
3555
63769
62064
188663
149299
29492
13871
178798
178539
185337
8341
161064
1111
166199
117801
11818
1034
29055
64346
18246
180016
160912
31564
178543
148331
141982
160580
18498
4001
17687
6528
62016
186278
14172
148650
21515
160718
185277
187833
146137
14868
150837
133366
160892
2005
63527
184537
4666
21244
162198
176268
170750
161056
185797
15093
180405
171059
14304
18965
8859
11162
18792
186501
12413
154359
148294
311524
13407
133170
18675
30006
186452
185370
124555
9256
9689
16784
146074
18465
163610
62330
7936
125583
19071
18842
16009
156675
177882
66866
147569
124358
19273
13680
151632
180653
185953
62093
108645
183640
19442
160630
160958
260086
15110
155728
61570
111868
24607
16769
10150
3028
176872
162586
182116
6376
66354
118304
160533
19517
28317
18005
163627
25859
126046
6932
178568
30559
1651
19507
1318
156863
16821
4062
10391
142339
160202
186783
147601
29846
19843
64991
19190
17110
5250
19974
17419
19998
3592
18438
20105
145911
62313
160272
24157
137573
148361
19581
9841
6639
25167
5187
14830
176248
186681
6115
8675
151016
8655
4072
62363
19580
17934
164099
161072
6799
14827
18287
160685
18004
164002
20344
12432
61679
14470
164433
6557
13557
111489
19377
189517
125134
166458
150282
145982
116395
6025
171078
63447
184254
66004
2803
19582
8095
30095
181269
13853
21701
20502
14466
179077
184996
63812
157053
20967
187814
163935
135969
161877
177088
182350
18109
24219
18235
28414
23945
20412
4595
1439
1677
148355
187740
30117
156614
1906
18679
19800
184058
20168
4828
19578
25870
12215
24533
170748
184040
157355
148475
11315
29894
178201
7238
20686
171139
61404
4103
166357
63643
18573
28342
9599
120302
28214
186276
65015
15290
164422
181745
122575
111839
138205
106129
161036
16991
65669
24008
6797
19427
6908
1762
145976
5330
63607
20739
62977
144998
145729
64382
187529
4302
22839
64234
142459
174049
25480
125714
148950
124554
13646
178529
184700
63766
3419
12256
13421
184449
19171
21431
170791
15417
174265
21845
24405
21352
13540
2960
113140
20232
170297
64404
8536
21761
175092
21808
63483
141845
151404
266315
18293
113301
61534
164132
175426
25146
24704
184899
22815
109929
178814
170418
147988
160541
9589
174183
12250
152670
8470
160211
18432
3130
31858
118042
18872
7253
161953
24531
174317
2146
11531
13782
145875
8079
160670
31549
163042
2602
22343
6803
113225
63194
140541
5791
186342
128478
19574
14609
183995
61745
157054
18383
10999
8333
170375
62870
65048
160681
148350
22405
6539
141983
162739
8363
13114
20021
130305
185532
157855
61676
30539
161075
1619
62395
31587
62967
8599
3949
189462
24473
64303
62599
17933
15202
15173
9112
16597
29909
165264
25950
18431
176595
12294
175343
147644
6207
187958
7696
145227
123016
163680
28118
135264
146714
187075
165414
24800
5216
12892
27965
161994
122634
65803
147811
9864
5581
13204
11747
165247
9472
23077
64486
9564
23540
146688
166562
65251
24792
18683
155934
160874
16738
22583
22741
120493
6403
187812
23083
9293
185018
145984
24725
2978
5090
7846
20539
5091
18705
2142
23774
7066
24076
2979
8150
64017
1914
25807
8633
23827
171235
157859
27961
164001
160632
24351
24638
12708
28737
12318
22734
20513
23697
171023
146196
4843
4371
23225
148329
29948
148359
188255
148332
11854
15208
18012
160250
160682
105397
5100
60875
25539
110566
6552
14633
2888
154354
13071
24616
118081
136267
24611
185549
9432
27792
7864
185624
16892
63705
6475
130766
146617
1240
10491
63848
1056
12806
23353
66673
2329
65448
29433
22653
106189
111723
122265
65094
3914
11378
5093
163877
26658
162909
31887
14384
12090
12679
24186
26156
25893
6241
5208
29082
29316
140073
29756
127775
160598
141321
21124
62036
63507
6285
25600
28160
179819
148353
22632
2193
64341
2034
61781
4515
118321
154056
64048
30751
25341
124638
29555
27908
163768
26381
109580
148930
3011
118227
61859
5774
15084
7636
61839
160183
155897
28936
31166
25961
24597
26304
149031
117981
30718
65236
62984
166554
175308
183570
16986
3087
126615
64160
1164
153028
13227
133432
15092
179925
144119
184880
183684
65474
178453
64602
23093
1635
64853
157433
116503
7723
63621
122061
152149
126322
11914
178538
25099
4675
7139
6036
160572
16227
29070
5134
3114
19484
120134
9004
25334
124198
23864
66371
22974
129418
61325
148252
66452
8445
12126
9537
148049
285536
61871
23592
8093
185179
7840
5417
24321
148269
